93 97
0 235.6324480 142.3985163
1 269.7930011 261.8639363
2 140.9171001 59.5788966
3 13.8873271 3.2937795
4 436.9386088 58.9765125
5 212.9853992 214.0745953
6 237.8514991 495.0913754
7 238.4272729 29.5976645
8 65.0539124 261.4469500
9 97.0804555 330.6867984
10 71.1775975 341.7033094
11 412.8907673 383.0279379
12 466.2354192 118.5525142
13 365.6522605 16.1191486
14 436.4437967 317.8484345
15 442.5886432 220.1231072
16 487.6418830 389.0236216
17 83.5114130 241.1544647
18 366.0684035 325.7182414
19 196.7686262 482.4128299
20 250.1859666 149.9174562
21 414.1844949 346.0813791
22 428.8177345 462.7098329
23 484.1239522 16.7825585
24 353.7558840 85.9582293
25 97.8670332 34.5230838
26 258.5397790 113.0710995
27 56.7942764 313.8971883
28 343.2694323 217.7884607
29 203.5178352 48.5269126
30 93.5584231 114.6695853
31 145.9132715 28.7663688
32 131.9369521 478.1200728
33 380.6161678 94.1978762
34 294.2859174 312.8346170
35 415.1002576 302.4741597
36 439.5683877 478.2554419
37 62.1355425 25.0579572
38 298.5798568 193.1711580
39 33.8943554 294.9817013
40 225.7895643 47.9145106
41 367.2291059 404.0123500
42 117.1769722 460.9970582
43 133.4376458 336.4223080
44 85.2293863 445.1016834
45 297.6591215 77.6947275
46 92.5361494 179.4468180
47 254.4915008 474.0716718
48 65.3316559 208.3914200
49 395.8058940 160.6068581
50 50.0639182 237.6571528
51 201.6042663 366.7935749
52 374.7158911 362.1722307
53 292.6648484 203.8756429
54 171.5176939 257.8370394
55 365.4165201 109.1785216
56 101.1564289 202.4774658
57 449.3205656 370.0040119
58 214.6521590 113.6507207
59 150.4018499 51.2506398
60 145.7593693 226.9405833
61 306.5051166 306.0676701
62 213.8876494 41.6133567
63 141.8818469 327.5169758
64 0.9372678 288.9439084
65 243.1299010 80.5043434
66 137.9476054 165.0772380
67 120.3942838 202.2055738
68 26.9346146 97.0367204
69 106.5430368 260.6511023
70 19.7606198 211.1820034
71 234.4483390 19.5185926
72 95.0863226 317.8562590
73 131.7479268 362.3049707
74 397.2247618 173.7270974
75 215.5226369 373.2234856
76 446.9508004 225.6077217
77 104.3647037 297.8615284
78 53.3546153 426.0263584
79 487.9744363 211.0818272
80 450.9272107 381.9494406
81 427.7135425 325.2573427
82 239.2241070 47.4506329
83 123.9201161 235.2665105
84 388.7978183 382.0426576
85 173.3449462 325.0642904
86 361.4124763 451.0561382
87 13.9021964 353.6260677
88 312.6291253 126.8169552
89 308.0997394 121.8684601
90 147.5854749 258.2824596
91 441.2504671 429.4954659
92 63.8009682 109.3298070
